20170251594
20170251681
20170251681
20170251681
20170252528
20170252529
20170252530
20170252531
20170252532
20170252533
20170252534
20170252535
20170252536
20170252537
20170251682
20170252538
20170252539
20170252540
20170252541
20170252542
20170252543
20170252544
20170252545
20170252546
20170252547
20170251683
20170252548
20170252549
20170252550
20170252551
20170252552
20170252553
20170252554
20170252555
20170252556
20170252557
20170251684
20170252558
20170252558
20170252559
20170252560
20170252561
20170252562
20170252562
20170252562
20170252562
20170252563
20170252564
20170252565
20170252566
20170252567
20170251685
20170252568
20170252569
20170252570
20170252571
20170252572
20170252573
20170252574
20170252574
20170252574
20170252574
20170252575
20170252576
20170252577
20170251686
20170251686
20170252578
20170252579
20170252580
20170252580
20170252580
20170252581
20170252582
20170252583
20170252584
20170252585
20170252586
20170252587
20170251687
20170252588
20170252589
20170252590
20170252591
20170252592
20170252593
20170252594
20170252595
20170252596
20170252597
20170251688
20170251688
20170251688
20170251688
20170252598
20170252599
20170252600
20170252601
20170252602
20170252603